1 Spinal-Cord 101 67 33 

11 Cervical-1 0 180 200 
12 Cervical-2 0 180 200 
13 Cervical-3 0 180 200 
14 Cervical-4 0 180 200 
15 Cervical-5 0 180 200 
16 Cervical-6 0 180 200 
17 Cervical-7 0 180 200 
21 Thoracic-1 140 100 200
22 Thoracic-2 140 100 200
23 Thoracic-3 140 100 200
24 Thoracic-4 140 100 200
25 Thoracic-5 140 100 200
26 Thoracic-6 140 100 200
27 Thoracic-7 140 100 200
28 Thoracic-8 140 100 200
29 Thoracic-9 140 100 200
30 Thoracic-10 140 100 200
31 Thoracic-11 140 100 200
32 Thoracic-12 140 100 200
41 Lumbar-1 0 150 120
42 Lumbar-2 0 150 120
43 Lumbar-3 0 150 120
44 Lumbar-4 0 150 120
45 Lumbar-5 0 150 120
46 Lumbar-6 0 150 120
50 Sacrum-1 204 85 0

63 Disc-1 255 160 122
64 Disc-2 255 160 122
65 Disc-3 255 160 122
66 Disc-4 255 160 122
67 Disc-5 255 160 122
71 Disc-6 255 160 122
72 Disc-7 255 160 122
73 Disc-8 255 160 122
74 Disc-9 255 160 122
75 Disc-10 255 160 122
76 Disc-11 255 160 122
77 Disc-12 255 160 122
78 Disc-13 255 160 122
79 Disc-14 255 160 122
80 Disc-15 255 160 122
81 Disc-16 255 160 122
82 Disc-17 255 160 122
91 Disc-18 255 160 122
92 Disc-19 255 160 122
93 Disc-20 255 160 122
94 Disc-21 255 160 122
95 Disc-22 255 160 122
100 Disc-23 255 160 122
